name: pstrain2
channels:
  - conda-forge
  - bioconda
  - defaults
dependencies:
  - _libgcc_mutex=0.1=conda_forge
  - _openmp_mutex=4.5=2_gnu
  - amply=0.1.6=pyhd8ed1ab_0
  - bowtie2=2.5.1=py37hb24965f_1
  - bzip2=1.0.8=hd590300_5
  - c-ares=1.28.1=hd590300_0
  - ca-certificates=2024.2.2=hbcca054_0
  - coin-or-cbc=2.10.10=h9002f0b_0
  - coin-or-cgl=0.60.7=h516709c_0
  - coin-or-clp=1.17.8=h1ee7a9c_0
  - coin-or-osi=0.108.10=haf5fa05_0
  - coin-or-utils=2.11.11=hee58242_0
  - coincbc=2.10.10=0_metapackage
  - curl=8.7.1=hca28451_0
  - docutils=0.19=py37h89c1867_0
  - icu=73.2=h59595ed_0
  - java-jdk=8.0.112=1
  - keyutils=1.6.1=h166bdaf_0
  - krb5=1.21.2=h659d440_0
  - ld_impl_linux-64=2.40=h55db66e_0
  - libblas=3.9.0=20_linux64_openblas
  - libcblas=3.9.0=20_linux64_openblas
  - libcurl=8.7.1=hca28451_0
  - libdeflate=1.6=h516909a_0
  - libedit=3.1.20191231=he28a2e2_2
  - libev=4.33=hd590300_2
  - libffi=3.4.2=h7f98852_5
  - libgcc-ng=13.2.0=hc881cc4_6
  - libgfortran-ng=13.2.0=h69a702a_6
  - libgfortran5=13.2.0=h43f5ff8_6
  - libgomp=13.2.0=hc881cc4_6
  - libhwloc=2.10.0=default_h2fb2949_1000
  - libiconv=1.17=hd590300_2
  - liblapack=3.9.0=20_linux64_openblas
  - liblapacke=3.9.0=20_linux64_openblas
  - libnghttp2=1.58.0=h47da74e_1
  - libnsl=2.0.1=hd590300_0
  - libopenblas=0.3.25=pthreads_h413a1c8_0
  - libsqlite=3.45.3=h2797004_0
  - libssh2=1.11.0=h0841786_0
  - libstdcxx-ng=13.2.0=h95c4c6d_6
  - libxcrypt=4.4.36=hd590300_1
  - libxml2=2.12.6=h232c23b_2
  - libzlib=1.2.13=hd590300_5
  - ncurses=6.4.20240210=h59595ed_0
  - numpy=1.21.6=py37h976b520_0
  - openjdk=8.0.112=zulu8.19.0.1_3
  - openssl=3.2.1=hd590300_1
  - perl=5.32.1=7_hd590300_perl5
  - pip=24.0=pyhd8ed1ab_0
  - pulp=2.6.0=py37h89c1867_1
  - pyparsing=3.1.2=pyhd8ed1ab_0
  - pysam=0.16.0=py37ha9a96c6_0
  - python=3.7.12=hf930737_100_cpython
  - python_abi=3.7=4_cp37m
  - readline=8.2=h8228510_1
  - samtools=1.6=hc3601fc_10
  - scipy=1.7.3=py37hf2a6cf1_0
  - setuptools=69.0.3=pyhd8ed1ab_0
  - sqlite=3.45.3=h2c6b66d_0
  - tbb=2021.12.0=h00ab1b0_0
  - tk=8.6.13=noxft_h4845f30_101
  - wheel=0.42.0=pyhd8ed1ab_0
  - xz=5.2.6=h166bdaf_0
  - zlib=1.2.13=hd590300_5
  - zstd=1.5.5=hfc55251_0
prefix: /home/wangshuai/miniforge-pypy3/envs/pstrain2
